699
296
56
0
95
0
95
1
0
49
1
48
1
0
48
1
49
1
1
48
1
49
1
1
49
1
48
1
56
0
0
0
0
0
0
0
0
0
0
0
0
0
0
0
0
0
0
0
0
0
0
0
0
0
0
0
0
0
0
0
0
0
0
0
0
0
0
0
0
0
0
0
0
0
0
0
0
0
0
0
0
0
0
0
0
0
0
0
0
0
0
0
0
0
0
0
0
0
0
0
0
0
0
0
0
0
0
0
0
0
0
0
0
0
0
0
0
0
0
0
0
0
0
0
0
0
0
0
0
0
0
8
95
48
49
48
49
48
49
95
0
0
0
18
87
101
108
99
111
109
101
32
116
111
32
84
117
114
105
110
103
33
7
84
117
112
108
101
115
58
15
73
110
105
116
105
97
108
32
83
116
97
116
101
58
32
19
73
110
105
116
105
97
108
32
84
97
112
101
32
72
101
97
100
58
32
14
73
110
105
116
105
97
108
32
84
97
112
101
58
32
19
84
117
114
105
110
103
32
114
117
110
32
99
111
109
112
108
101
116
101
12
70
105
110
97
108
32
84
97
112
101
58
32
10
84
104
97
116
32
116
111
111
107
32
6
32
115
116
101
112
115
1
10
1
32
1
91
1
93
56
10
129
5
8
129
6
12
1
5
10
29
7
11
5
7
6
40
56
10
26
1
10
0
2
12
1
2
17
2
1
24
5
1
7
1
27
39
278
55
141
55
270
55
270
55
160
55
270
1
1
56
39
569
55
270
12
1
1
8
27
2
34
1
2
37
347
28
329
56
55
168
41
1
8
139
1
49
1
42
1
55
270
55
184
41
1
8
138
1
49
1
42
1
55
270
55
204
55
129
55
270
55
270
56
56
56
3
28
56
8
138
1
10
29
3
13
3
1
9
1
2
8
28
3
20
5
3
10
0
4
12
1
3
13
4
3
9
3
4
35
139
4
57
543
12
1
3
9
3
4
34
4
2
57
543
12
1
3
9
3
4
7
4
139
12
1
3
9
3
4
8
138
5
10
29
6
13
6
5
53
4
5
12
1
3
9
3
4
8
138
1
13
4
1
7
1
138
8
138
5
17
4
5
10
29
1
1
4
56
9
1
3
34
5
4
57
504
55
274
45
3
55
276
28
507
56
45
3
56
33
100
1
12
1
1
12
1
4
57
487
55
272
8
28
1
39
569
55
270
41
1
8
140
1
12
1
1
7
1
140
42
1
28
567
56
41
1
8
28
1
12
1
1
7
1
28
42
1
8
27
1
35
28
1
37
658
28
387
28
384
56
6
1
5
20
5
5
10
0
6
12
1
6
13
6
5
9
5
7
49
7
55
272
12
1
5
9
5
7
45
7
55
272
12
1
5
9
5
7
49
7
55
272
12
1
5
9
5
7
45
7
55
272
12
1
5
9
5
7
49
7
55
272
12
1
5
9
5
7
40
56
6
1
4
56
9
4
3
45
3
12
1
4
34
4
2
57
643
40
56
55
219
55
270
55
239
41
1
41
2
10
29
1
5
100
2
39
639
42
2
42
1
55
270
55
252
41
1
8
140
1
49
1
42
1
55
263
55
270
0