714
311
56
0
95
0
95
1
0
120
0
97
1
0
46
0
46
1
0
121
0
98
1
0
43
1
43
-1
1
98
1
100
-1
1
46
1
46
-1
1
97
1
99
-1
56
0
0
0
0
0
0
0
0
0
0
0
0
0
0
0
0
0
0
0
0
0
0
0
0
0
0
0
0
0
0
0
0
0
0
0
0
0
0
0
0
0
0
0
0
0
0
0
0
0
0
0
0
0
0
0
0
0
0
0
0
0
0
0
0
0
0
0
0
0
0
0
0
0
0
0
0
0
0
0
0
0
0
0
0
0
0
0
0
0
0
0
0
0
0
0
0
0
0
0
0
0
0
8
95
120
120
46
121
121
121
43
0
0
0
18
119
101
108
99
111
109
101
32
116
111
32
116
117
114
105
110
103
33
7
116
117
112
108
101
115
58
15
105
110
105
116
105
97
108
32
115
116
97
116
101
58
32
19
105
110
105
116
105
97
108
32
116
97
112
101
32
104
101
97
100
58
32
14
105
110
105
116
105
97
108
32
116
97
112
101
58
32
19
116
117
114
105
110
103
32
114
117
110
32
99
111
109
112
108
101
116
101
12
102
105
110
97
108
32
116
97
112
101
58
32
10
116
104
97
116
32
116
111
111
107
32
6
32
115
116
101
112
115
1
10
1
32
1
91
1
93
56
10
144
5
8
144
6
12
1
5
10
44
7
11
5
7
6
40
56
10
41
1
10
0
2
12
1
2
17
2
1
24
5
1
7
1
42
39
293
55
156
55
285
55
285
55
175
55
285
1
1
56
39
584
55
285
12
1
1
8
42
2
34
1
2
37
362
28
344
56
55
183
41
1
8
154
1
49
1
42
1
55
285
55
199
41
1
8
153
1
49
1
42
1
55
285
55
219
55
144
55
285
55
285
56
56
56
3
43
56
8
153
1
10
44
3
13
3
1
9
1
2
8
43
3
20
5
3
10
0
4
12
1
3
13
4
3
9
3
4
35
154
4
57
558
12
1
3
9
3
4
34
4
2
57
558
12
1
3
9
3
4
7
4
154
12
1
3
9
3
4
8
153
5
10
44
6
13
6
5
53
4
5
12
1
3
9
3
4
8
153
1
13
4
1
7
1
153
8
153
5
17
4
5
10
44
1
1
4
56
9
1
3
34
5
4
57
519
55
289
45
3
55
291
28
522
56
45
3
56
33
100
1
12
1
1
12
1
4
57
502
55
287
8
43
1
39
584
55
285
41
1
8
155
1
12
1
1
7
1
155
42
1
28
582
56
41
1
8
43
1
12
1
1
7
1
43
42
1
8
42
1
35
43
1
37
673
28
402
28
399
56
6
1
5
20
5
5
10
0
6
12
1
6
13
6
5
9
5
7
49
7
55
287
12
1
5
9
5
7
45
7
55
287
12
1
5
9
5
7
49
7
55
287
12
1
5
9
5
7
45
7
55
287
12
1
5
9
5
7
49
7
55
287
12
1
5
9
5
7
40
56
6
1
4
56
9
4
3
45
3
12
1
4
34
4
2
57
658
40
56
55
234
55
285
55
254
41
1
41
2
10
44
1
5
100
2
39
654
42
2
42
1
55
285
55
267
41
1
8
155
1
49
1
42
1
55
278
55
285
0
